1.46638 0.994554
1.04876 0.866806
1.57 1
0.53066 0.506103
2.27336 0.763188
1.50092 0.99756
1.12412 0.901888
3.02068 0.120618
1.45696 0.993528
2.2137 0.800358
0.4553 0.439732
0.88234 0.772228
2.59678 0.518258
3.01754 0.123735
1.54174 0.999578
3.1243 0.0172918
2.95788 0.182681
2.59678 0.518258
1.36904 0.979716
1.22774 0.941731
1.89656 0.947407
2.83228 0.304404
0.48042 0.462152
0.91688 0.793708
1.19948 0.931851
1.32194 0.969195
2.24824 0.779178
2.25452 0.775226
2.8103 0.325266
1.40358 0.986052
2.27964 0.759115
2.42094 0.659875
1.68932 0.992984
2.72866 0.401297
2.86368 0.274349
2.09438 0.866033
0.93886 0.806885
0.1099 0.109679
2.80716 0.328233
2.20742 0.804108
2.54654 0.560552
1.01108 0.847406
1.04562 0.865236
2.11322 0.85646
2.08496 0.870704
0.44274 0.428417
