467 21.6102
334 18.2757
500 22.3607
169 13
724 26.9072
478 21.8632
358 18.9209
962 31.0161
464 21.5407
705 26.5518
145 12.0416
281 16.7631
827 28.7576
961 31
491 22.1585
995 31.5436
942 30.692
827 28.7576
436 20.8806
391 19.7737
604 24.5764
902 30.0333
153 12.3693
292 17.088
382 19.5448
421 20.5183
716 26.7582
718 26.7955
895 29.9166
447 21.1424
726 26.9444
771 27.7669
538 23.1948
869 29.4788
912 30.1993
667 25.8263
299 17.2916
35 5.91608
894 29.8998
703 26.5141
811 28.4781
322 17.9444
333 18.2483
673 25.9422
664 25.7682
141 11.8743
