467 34 5.71181e+90
500 69 1.69407e+186
724 78 1.14712e+223
358 62 2.19153e+158
464 5 2.15075e+13
145 81 1.17709e+175
827 61 9.28616e+177
491 95 4.49512e+255
942 27 1.99239e+80
436 91 1.56052e+240
604 2 364816
153 92 9.8087e+200
382 21 1.67236e+54
716 18 2.44588e+51
895 47 5.44105e+138
726 71 1.33814e+203
538 69 2.65447e+188
912 67 2.08763e+198
299 35 4.45135e+86
894 3 7.14517e+08
811 22 9.96458e+63
333 73 1.3754e+184
664 41 5.11554e+115
711 53 1.40958e+151
868 47 1.28952e+138
644 62 1.41555e+174
757 37 3.36161e+106
859 23 3.03279e+67
741 29 1.67775e+83
778 16 1.80166e+46
35 90 9.24962e+138
842 88 2.67586e+257
106 40 1.02857e+81
942 64 2.18403e+190
648 46 2.15006e+129
805 90 3.32376e+261
729 70 2.45995e+200
350 6 1.83827e+15
101 93 2.52283e+186
548 29 2.6585e+79
623 84 5.45753e+234
954 56 7.15664e+166
840 66 1.00562e+193
376 31 6.77366e+79
308 44 3.13496e+109
439 26 5.05915e+68
